 Camera matrix:
[[301.01404911   0.         161.03012367]
 [  0.         308.08275162 139.61657559]
 [  0.           0.           1.        ]]

 Distortion coefficient:
[[ 2.16659579e-01 -1.65308538e+00  3.72497948e-03 -3.70852934e-03
   3.75167659e+00]]

 Rotation Vectors:
(array([[-0.31649859],
       [ 0.23823529],
       [ 1.29394145]]), array([[-0.06341843],
       [-0.17980936],
       [ 1.59055611]]), array([[0.21597825],
       [0.03008732],
       [0.59663439]]), array([[-0.16516753],
       [-0.34525024],
       [-1.28071018]]), array([[-0.25051683],
       [-0.39047759],
       [ 1.30679447]]), array([[-0.39359711],
       [ 0.2355459 ],
       [ 1.14045854]]), array([[-0.05153473],
       [-0.02805556],
       [ 0.48882602]]), array([[ 0.51102841],
       [-0.39668997],
       [ 0.14038501]]), array([[ 0.30893134],
       [-0.66894921],
       [ 1.25798267]]), array([[ 0.2781149 ],
       [-0.55214441],
       [ 1.40106105]]), array([[ 0.53492069],
       [-0.6703464 ],
       [ 1.318266  ]]), array([[ 0.13507141],
       [-0.50073281],
       [ 1.12364406]]), array([[-0.45129939],
       [ 0.25339413],
       [ 1.45372522]]), array([[ 0.35406722],
       [-0.14683333],
       [ 0.05235247]]), array([[ 0.25939144],
       [-0.21137856],
       [ 1.24271644]]), array([[ 0.0658287 ],
       [-0.00221582],
       [-0.00743158]]))

 Translation Vectors:
(array([[ 4.34467571],
       [-3.39818588],
       [19.27463847]]), array([[ 3.49684652],
       [-3.08586577],
       [11.39756203]]), array([[ 1.58216151],
       [-5.06256063],
       [15.80057426]]), array([[-2.44071731],
       [ 0.71990144],
       [14.02698375]]), array([[ 3.05649273],
       [-4.86987938],
       [16.26544868]]), array([[ 2.61707636],
       [-4.65292034],
       [16.77862573]]), array([[ 1.56332428],
       [-5.0778577 ],
       [17.39249074]]), array([[-2.41938774],
       [-2.74608277],
       [10.9220845 ]]), array([[ 3.9844408 ],
       [-3.51617671],
       [12.89861834]]), array([[ 4.90595047],
       [-3.11531781],
       [16.01877703]]), array([[ 6.04868765],
       [-3.54186608],
       [17.06557073]]), array([[ 5.05690535],
       [-3.98548364],
       [17.62596008]]), array([[ 4.55495086],
       [-3.02214134],
       [16.700725  ]]), array([[-2.33469372],
       [-3.9645245 ],
       [12.14759043]]), array([[ 0.45573614],
       [-4.00504435],
       [15.5378225 ]]), array([[-1.20347746],
       [-5.9875506 ],
       [16.9726812 ]]))